805399409
791019649
904902954
910703792
912542214
907839872
901272385
909379265
912792777
911267599
899157267
449429182
793564360
502952161
430334755
918368234
918367590
908564412
802266304
908595879
791054968
316276443
448876938
798568077
794735456
918903907
892787516
909143992
892987777
808446629
821272317
828742387
812926095
520940404
888023702
891318420
834750614
909066748
882237456
798634838
914217922
853909026
908947625
401378997
912988052
919770792
449489962
380120105
433761012
751732876
482830957
423603273
397728056
821546314
831840707
424778603
905083499
909328494
809084148
853722817
910006436
905295366
908288574
894877604
948138458
513430389
522581107
538544743
502293103
537683229
949113815
921275970
919524553
949196067
948564604
811711803
828584912
880425095
898527114
525310900
752324574
905130779
908124589
904958352
831914155
903450963
841975527
750882102
429898869
920336310
844627315
949981229
492457460
949429963
419995949
843386384
900976515
920507951
889566477
912599925
823977483
949400493
484729892
921498697
842332579
921802971
845364744
834740268
348890351
391626603
494953136
535016877
308187004
409973062
819862772
479848574
949981757
948451562
392062584
479940710
852023878
831361431
908356280
908219652
952369486
823737168
498375336
907940977
492270731
920712130
915141824
915236442
843351636
823737168
493862254
492457460
791129752
808218341
904405834
842189706
951426790
952826915
948027446
952284883
493023543
828113993
538209669
947948808
915141428
948871850
793299090
847961208
439085325
948520424
852075167
500212238
488150673
523503225
880031356
923532675
